dirtyCache=true
sortingAscending=true
sortingColumn=-1
table_col_0=0.95238096
table_col_1=0.71428573
table_col_2=0.71428573
table_col_3=0.71428573
